step,family_id,n_agents,total_wealth,wealth_share,alpha,phase,peak_alpha,t_peak,t_half,birth_step
2000,51200,6,120000.0,0.02236137961298097,0.0011140371111675222,crowding,0.002723310191432764,3,-1,0
2000,51201,2,17957.86092469652,0.002827983953152266,-0.00048458386240604764,extinct,0.002723310191432764,3,-1,0
2000,51202,4,80000.0,0.01490758640865398,0.0011140371111675222,crowding,0.002723310191432764,3,-1,0
2000,51203,2,41127.26276651174,0.006476675570018505,-0.00048458386240604764,extinct,0.002723310191432764,3,-1,0
2000,51204,1,16222.124012477698,0.001957823524390136,-0.00010694282157646008,extinct,0.002723310191432764,3,-1,0
2000,51205,1,16784.398589553464,0.0022137556325657506,-0.00020339156750946824,extinct,0.002723310191432764,3,-1,0
2000,51206,1,19252.462397520172,0.002818766834008083,-0.0010435040653211576,extinct,0.002723310191432764,3,-1,0
2000,51207,1,16401.226305483306,0.001877057426100856,0.000625919582630438,extinct,0.002723310191432764,3,-1,0
2000,51208,2,37535.182868934746,0.006749797036471097,-0.0004605266609941021,extinct,0.002723310191432764,3,-1,0
2000,51209,1,16369.95505176134,0.0019756650281366204,-0.00010694282157646008,extinct,0.002723310191432764,3,-1,0
2000,51210,1,16337.814839046263,0.001971786074647911,-0.00010694282157646008,extinct,0.002723310191432764,3,-1,0
2000,51211,8,160000.0,0.02981517281730796,0.0011140371111675222,crowding,0.002723310191432764,3,-1,0
2000,51212,1,17780.14043674637,0.0018638745464172979,-4.662995316225634e-05,extinct,0.002723310191432764,3,-1,0
2000,51213,3,60000.0,0.011180689806490484,0.0011140371111675222,crowding,0.002723310191432764,3,-1,0
2000,51214,1,16998.981569159496,0.002051581283756418,-0.00010694282157646008,extinct,0.002723310191432764,3,-1,0
2000,51215,2,36046.59342565612,0.004350408647387561,-0.00010694282157646008,extinct,0.002723310191432764,3,-1,0
2000,51216,1,17372.134005459597,0.0018211036355375223,-4.662995316225634e-05,extinct,0.002723310191432764,3,-1,0
2000,51217,2,40000.0,0.00745379320432699,0.0011140371111675222,crowding,0.002723310191432764,3,-1,0
2000,51218,1,16740.32994182406,0.002020365011446479,-0.00010694282157646008,extinct,0.002723310191432764,3,-1,0
2000,51219,1,17640.726536292477,0.0018492599250425571,-4.662995316225634e-05,extinct,0.002723310191432764,3,-1,0
2000,51220,1,14337.765177806064,0.0025783011433486167,-0.0004605266609941021,extinct,0.002723310191432764,3,-1,0
2000,51221,1,16975.401355353915,0.0020487354235433405,-0.00010694282157646008,extinct,0.002723310191432764,3,-1,0
2000,51222,1,16823.784455580873,0.002030437010040741,-0.00010694282157646008,extinct,0.002723310191432764,3,-1,0
2000,51223,3,54783.403002625484,0.008020877342827063,-0.0010435040653211576,extinct,0.002723310191432764,3,-1,0
2000,51224,14,280000.0,0.052176552430288924,0.0011140371111675222,crowding,0.002723310191432764,3,-1,0
2000,51225,1,17919.0585345446,0.0018784371932897437,-4.662995316225634e-05,extinct,0.002723310191432764,3,-1,0
2000,51226,1,21280.059925916175,0.0038267053586877268,-0.0004605266609941021,extinct,0.002723310191432764,3,-1,0
2000,51227,1,17018.76100447856,0.0019477319031816628,0.000625919582630438,extinct,0.002723310191432764,3,-1,0
2000,51228,1,15653.633084201738,0.0020646148401073632,-0.00020339156750946824,extinct,0.002723310191432764,3,-1,0
2000,51229,2,20185.601976384827,0.0023101647025882397,0.000625919582630438,extinct,0.002723310191432764,3,-1,0
2000,51230,2,16740.656207125052,0.002207986289984539,-0.00020339156750946824,extinct,0.002723310191432764,3,-1,0
2000,51231,1,17663.87390245278,0.0018516864405561028,-4.662995316225634e-05,extinct,0.002723310191432764,3,-1,0
2000,51232,2,34045.51272851007,0.003896378313559152,0.000625919582630438,extinct,0.002723310191432764,3,-1,0
2000,51233,1,18281.484314079764,0.0019164299295026108,-4.662995316225634e-05,extinct,0.002723310191432764,3,-1,0
2000,51234,5,45449.7741616235,0.006654334046975905,-0.0010435040653211576,extinct,0.002723310191432764,3,-1,0
2000,51235,2,35836.33848742207,0.004726585570152025,-0.00020339156750946824,extinct,0.002723310191432764,3,-1,0
2000,51236,2,36853.07038519379,0.005395684478601039,-0.0010435040653211576,extinct,0.002723310191432764,3,-1,0
2000,51237,2,31622.66173675403,0.0038164910466981913,-0.00010694282157646008,extinct,0.002723310191432764,3,-1,0
2000,51238,1,16880.547440003167,0.0030355591840966773,-0.0004605266609941021,extinct,0.002723310191432764,3,-1,0
2000,51239,4,31267.814930145614,0.0037736651242112037,-0.00010694282157646008,extinct,0.002723310191432764,3,-1,0
2000,51240,1,18373.131587358843,0.0019260372225676527,-4.662995316225634e-05,extinct,0.002723310191432764,3,-1,0
2000,51241,1,17740.165668273185,0.001859684030953083,-4.662995316225634e-05,extinct,0.002723310191432764,3,-1,0
2000,51242,1,15432.994763707771,0.0018625847131322688,-0.00010694282157646008,extinct,0.002723310191432764,3,-1,0
2000,51243,1,19870.136926937157,0.0026207449320964976,-0.00020339156750946824,extinct,0.002723310191432764,3,-1,0
2000,51244,2,16157.948244084284,0.0019500782483116276,-0.00010694282157646008,extinct,0.002723310191432764,3,-1,0
2000,51245,1,15782.005970421265,0.0019047063459254768,-0.00010694282157646008,extinct,0.002723310191432764,3,-1,0
2000,51246,8,160000.0,0.02981517281730796,0.0011140371111675222,crowding,0.002723310191432764,3,-1,0
2000,51247,4,80000.0,0.01490758640865398,0.0011140371111675222,crowding,0.002723310191432764,3,-1,0
2000,51248,4,33747.62908500948,0.0044510980583586735,-0.00020339156750946824,extinct,0.002723310191432764,3,-1,0
2000,51249,2,34862.947201764866,0.004598201438315736,-0.00020339156750946824,extinct,0.002723310191432764,3,-1,0
2000,51250,1,16997.262325929663,0.0019452714619030691,0.000625919582630438,extinct,0.002723310191432764,3,-1,0
2000,51251,9,180000.0,0.03354206941947145,0.0011140371111675222,crowding,0.002723310191432764,3,-1,0
2000,51252,2,37093.08806436914,0.00543082563923108,-0.0010435040653211576,extinct,0.002723310191432764,3,-1,0
2000,51253,2,34514.54397016751,0.0045522492636079215,-0.00020339156750946824,extinct,0.002723310191432764,3,-1,0
2000,51254,3,55737.29451404016,0.007351395345867747,-0.00020339156750946824,extinct,0.002723310191432764,3,-1,0
2000,51255,1,20000.0,0.003726896602163495,0.0011140371111675222,crowding,0.002723310191432764,3,-1,0
2000,51256,1,16255.319408231415,0.0018603589414933708,0.000625919582630438,extinct,0.002723310191432764,3,-1,0
2000,51257,1,17609.53185157738,0.0027731294783722204,-0.00048458386240604764,extinct,0.002723310191432764,3,-1,0
2000,51258,6,120000.0,0.02236137961298097,0.0011140371111675222,crowding,0.002723310191432764,3,-1,0
2000,51259,1,16845.19906734683,0.0019278684053606098,0.000625919582630438,extinct,0.002723310191432764,3,-1,0
2000,51260,1,16865.98417078959,0.0019302471807059911,0.000625919582630438,extinct,0.002723310191432764,3,-1,0
2000,51261,3,40608.99942622253,0.007302548783051989,-0.0004605266609941021,extinct,0.002723310191432764,3,-1,0
2000,51262,1,16992.23621597216,0.001944696242901489,0.000625919582630438,extinct,0.002723310191432764,3,-1,0
2000,51263,2,33360.12531188874,0.003817938353268193,0.000625919582630438,extinct,0.002723310191432764,3,-1,0
2000,51264,1,16383.094777178863,0.00197725084165319,-0.00010694282157646008,extinct,0.002723310191432764,3,-1,0
2000,51265,1,17432.302254084105,0.002103878099506174,-0.00010694282157646008,extinct,0.002723310191432764,3,-1,0
2000,51266,1,18064.343655040295,0.0023825722620671353,-0.00020339156750946824,extinct,0.002723310191432764,3,-1,0
2000,51267,1,16975.592410155252,0.0019427914231809804,0.000625919582630438,extinct,0.002723310191432764,3,-1,0
2000,51268,6,50034.45848733361,0.007879370839332519,-0.00048458386240604764,extinct,0.002723310191432764,3,-1,0
2000,51269,1,17786.172764273186,0.0018645069093490127,-4.662995316225634e-05,extinct,0.002723310191432764,3,-1,0
2000,51270,1,17535.6137307811,0.002006883714761892,0.000625919582630438,extinct,0.002723310191432764,3,-1,0
2000,51271,1,17619.90806123707,0.001847077544881442,-4.662995316225634e-05,extinct,0.002723310191432764,3,-1,0
2000,51272,1,17923.583268338294,0.001878911516660663,-4.662995316225634e-05,extinct,0.002723310191432764,3,-1,0
2000,51273,1,17650.740450683214,0.0021302410738983156,-0.00010694282157646008,extinct,0.002723310191432764,3,-1,0
2000,51274,1,16963.48364983868,0.0019414056220189357,0.000625919582630438,extinct,0.002723310191432764,3,-1,0
2000,51275,2,38868.880234172815,0.0069896303298073,-0.0004605266609941021,extinct,0.002723310191432764,3,-1,0
2000,51276,3,37008.43415493025,0.005418431399607675,-0.0010435040653211576,extinct,0.002723310191432764,3,-1,0
2000,51277,1,17791.16412231042,0.0026048171049965346,-0.0010435040653211576,extinct,0.002723310191432764,3,-1,0
2000,51278,1,16360.013569791066,0.0019744652057672603,-0.00010694282157646008,extinct,0.002723310191432764,3,-1,0
2000,51279,1,18171.39566163509,0.0019048894448888372,-4.662995316225634e-05,extinct,0.002723310191432764,3,-1,0
2000,51280,1,17987.716497457885,0.0018856345396739407,-4.662995316225634e-05,extinct,0.002723310191432764,3,-1,0
2000,51281,3,17871.367939694435,0.0021568682706686678,-0.00010694282157646008,extinct,0.002723310191432764,3,-1,0
2000,51282,1,17760.21307207566,0.001861785580476953,-4.662995316225634e-05,extinct,0.002723310191432764,3,-1,0
2000,51283,1,17814.820397988766,0.0021500436336906346,-0.00010694282157646008,extinct,0.002723310191432764,3,-1,0
2000,51284,1,16203.92449913487,0.0018544769913277788,0.000625919582630438,extinct,0.002723310191432764,3,-1,0
2000,51285,2,16331.70726463395,0.0019710489607624422,-0.00010694282157646008,extinct,0.002723310191432764,3,-1,0
2000,51286,3,60000.0,0.011180689806490484,0.0011140371111675222,crowding,0.002723310191432764,3,-1,0
2000,51287,1,15950.339994392227,0.0018254552176563705,0.000625919582630438,extinct,0.002723310191432764,3,-1,0
2000,51288,1,16830.49773327015,0.0020312472253353427,-0.00010694282157646008,extinct,0.002723310191432764,3,-1,0
2000,51289,2,43353.252147806226,0.006827221900485452,-0.00048458386240604764,extinct,0.002723310191432764,3,-1,0
2000,51290,1,17619.749540076722,0.0018470609272648998,-4.662995316225634e-05,extinct,0.002723310191432764,3,-1,0
2000,51291,1,15321.028239783776,0.0018490716433077516,-0.00010694282157646008,extinct,0.002723310191432764,3,-1,0
2000,51292,1,18422.549391176402,0.0033128510314976898,-0.0004605266609941021,extinct,0.002723310191432764,3,-1,0
2000,51293,2,46161.06220452006,0.008601875294114176,0.0011140371111675222,crowding,0.002723310191432764,3,-1,0
2000,51294,1,16227.623788581395,0.0021403205705260698,-0.00020339156750946824,extinct,0.002723310191432764,3,-1,0
2000,51295,1,18120.00221154182,0.0018995019203176904,-4.662995316225634e-05,extinct,0.002723310191432764,3,-1,0
2000,51296,1,17575.446881018404,0.0018424167233087407,-4.662995316225634e-05,extinct,0.002723310191432764,3,-1,0
2000,51297,4,16225.921876470295,0.00237564886466117,-0.0010435040653211576,extinct,0.002723310191432764,3,-1,0
2000,51298,1,18248.755799701255,0.0019129990316922604,-4.662995316225634e-05,extinct,0.002723310191432764,3,-1,0
2000,51299,2,40000.0,0.00745379320432699,0.0011140371111675222,crowding,0.002723310191432764,3,-1,0
2000,51300,1,15984.610974573989,0.002108268722917459,-0.00020339156750946824,extinct,0.002723310191432764,3,-1,0
2000,51301,2,40000.0,0.00745379320432699,0.0011140371111675222,crowding,0.002723310191432764,3,-1,0
2000,51302,1,16080.261832253305,0.0019407023931837073,-0.00010694282157646008,extinct,0.002723310191432764,3,-1,0
2000,51303,1,17043.928789137535,0.0020570058955126378,-0.00010694282157646008,extinct,0.002723310191432764,3,-1,0
2000,51304,1,17473.086334037635,0.00183168636835156,-4.662995316225634e-05,extinct,0.002723310191432764,3,-1,0
2000,51305,1,17440.68599809077,0.0021048899208451115,-0.00010694282157646008,extinct,0.002723310191432764,3,-1,0
2000,51306,1,16380.751903926435,0.001874714209394283,0.000625919582630438,extinct,0.002723310191432764,3,-1,0
2000,51307,2,40000.0,0.00745379320432699,0.0011140371111675222,crowding,0.002723310191432764,3,-1,0
2000,51308,1,17734.717200872543,0.0018591128735012527,-4.662995316225634e-05,extinct,0.002723310191432764,3,-1,0
2000,51309,1,14563.476601368942,0.0021322490590647324,-0.0010435040653211576,extinct,0.002723310191432764,3,-1,0
2000,51310,4,17283.637148370035,0.0020859359335481855,-0.00010694282157646008,extinct,0.002723310191432764,3,-1,0
2000,51311,6,72884.728923408,0.009613033098644667,-0.00020339156750946824,extinct,0.002723310191432764,3,-1,0
2000,51312,1,16613.715665885597,0.001901376018167182,0.000625919582630438,extinct,0.002723310191432764,3,-1,0
2000,51313,2,18586.011843272434,0.0027211913301565965,-0.0010435040653211576,extinct,0.002723310191432764,3,-1,0
2000,51314,1,17679.63475411971,0.002588488010173093,-0.0010435040653211576,extinct,0.002723310191432764,3,-1,0
2000,51315,1,17368.69689933575,0.002542963375744225,-0.0010435040653211576,extinct,0.002723310191432764,3,-1,0
2000,51316,1,17633.938309543406,0.0018485483219425752,-4.662995316225634e-05,extinct,0.002723310191432764,3,-1,0
2000,51317,1,16810.581317772587,0.0019239065367354868,0.000625919582630438,extinct,0.002723310191432764,3,-1,0
2000,51318,1,17549.81188507168,0.001839729432023692,-4.662995316225634e-05,extinct,0.002723310191432764,3,-1,0
2000,51319,1,17290.727783353133,0.002280537239230176,-0.00020339156750946824,extinct,0.002723310191432764,3,-1,0
2000,51320,1,16390.21347558919,0.0018757970499710403,0.000625919582630438,extinct,0.002723310191432764,3,-1,0
2000,51321,1,20000.0,0.003726896602163495,0.0011140371111675222,crowding,0.002723310191432764,3,-1,0
2000,51322,1,15891.919275278138,0.001917971615857252,-0.00010694282157646008,extinct,0.002723310191432764,3,-1,0
2000,51323,4,37989.220893177655,0.005982500228126629,-0.00048458386240604764,extinct,0.002723310191432764,3,-1,0
2000,51324,1,17315.210846017988,0.001981659450193313,0.000625919582630438,extinct,0.002723310191432764,3,-1,0
2000,51325,2,18673.34541356326,0.0024628957282896166,-0.00020339156750946824,extinct,0.002723310191432764,3,-1,0
2000,51326,2,34455.97756144871,0.0054260890003856735,-0.00048458386240604764,extinct,0.002723310191432764,3,-1,0
2000,51327,8,114287.92149942409,0.016732976592739163,-0.0010435040653211576,extinct,0.002723310191432764,3,-1,0
2000,51328,1,17838.156627076794,0.0018699563263009649,-4.662995316225634e-05,extinct,0.002723310191432764,3,-1,0
2000,51329,2,15741.55384748366,0.0018998242406082046,-0.00010694282157646008,extinct,0.002723310191432764,3,-1,0
2000,51330,2,17879.89688423864,0.0032152680705740183,-0.0004605266609941021,extinct,0.002723310191432764,3,-1,0
2000,51331,1,16254.072767896992,0.0018602162682899274,0.000625919582630438,extinct,0.002723310191432764,3,-1,0
2000,51332,1,17701.905916680826,0.002136416156328302,-0.00010694282157646008,extinct,0.002723310191432764,3,-1,0
2000,51333,4,80000.0,0.01490758640865398,0.0011140371111675222,crowding,0.002723310191432764,3,-1,0
2000,51334,1,17224.93762090804,0.0019713280259196263,0.000625919582630438,extinct,0.002723310191432764,3,-1,0
2000,51335,1,17761.483109860797,0.0018619187172825439,-4.662995316225634e-05,extinct,0.002723310191432764,3,-1,0
2000,51336,1,15858.751473760442,0.002321891182541441,-0.0010435040653211576,extinct,0.002723310191432764,3,-1,0
2000,51337,1,17538.0777256085,0.001838499351686316,-4.662995316225634e-05,extinct,0.002723310191432764,3,-1,0
2000,51338,2,33293.182493198474,0.003810277004500346,0.000625919582630438,extinct,0.002723310191432764,3,-1,0
2000,51339,1,17508.274234785975,0.0020037548143353218,0.000625919582630438,extinct,0.002723310191432764,3,-1,0
2000,51340,12,200117.91591606638,0.03151434668761776,-0.00048458386240604764,extinct,0.002723310191432764,3,-1,0
2000,51341,3,16859.19302450532,0.0024683665478415447,-0.0010435040653211576,extinct,0.002723310191432764,3,-1,0
2000,51342,4,61365.90869181994,0.008984626723984706,-0.0010435040653211576,extinct,0.002723310191432764,3,-1,0
2000,51343,1,17040.462494055115,0.0019502155554042713,0.000625919582630438,extinct,0.002723310191432764,3,-1,0
2000,51344,1,17554.160402634247,0.0018401852828212914,-4.662995316225634e-05,extinct,0.002723310191432764,3,-1,0
2000,51345,1,17797.296732321065,0.0018656730239234934,-4.662995316225634e-05,extinct,0.002723310191432764,3,-1,0
2000,51346,1,16242.661574227173,0.0018589103009543355,0.000625919582630438,extinct,0.002723310191432764,3,-1,0
2000,51347,1,16343.69094377587,0.0019724952528087088,-0.00010694282157646008,extinct,0.002723310191432764,3,-1,0
2000,51348,2,37011.662351937724,0.004881603327343508,-0.00020339156750946824,extinct,0.002723310191432764,3,-1,0
2000,51349,1,17263.451600501052,0.002083499770414418,-0.00010694282157646008,extinct,0.002723310191432764,3,-1,0
2000,51350,5,88424.3041052846,0.016477411925932835,0.0011140371111675222,crowding,0.002723310191432764,3,-1,0
2000,51351,1,17671.41076962185,0.0018524765228912865,-4.662995316225634e-05,extinct,0.002723310191432764,3,-1,0
2000,51352,3,36748.2274875914,0.004846857940927111,-0.00020339156750946824,extinct,0.002723310191432764,3,-1,0
2000,51353,1,18027.13071617672,0.0018897662932615073,-4.662995316225634e-05,extinct,0.002723310191432764,3,-1,0
2000,51354,2,33116.433322827594,0.0037900487400631374,0.000625919582630438,extinct,0.002723310191432764,3,-1,0
2000,51355,1,17091.683270620513,0.001956077576769746,0.000625919582630438,extinct,0.002723310191432764,3,-1,0
2000,51356,1,16702.967950125207,0.0019115905996751766,0.000625919582630438,extinct,0.002723310191432764,3,-1,0
2000,51357,3,61726.07967956188,0.009720554333101851,-0.00048458386240604764,extinct,0.002723310191432764,3,-1,0
2000,51358,2,40000.0,0.00745379320432699,0.0011140371111675222,crowding,0.002723310191432764,3,-1,0
2000,51359,1,18040.143198388738,0.001891130378909029,-4.662995316225634e-05,extinct,0.002723310191432764,3,-1,0
2000,51360,2,14402.17776631438,0.002268038926483206,-0.00048458386240604764,extinct,0.002723310191432764,3,-1,0
2000,51361,1,17935.623853824894,0.0018801737193351738,-4.662995316225634e-05,extinct,0.002723310191432764,3,-1,0
2000,51362,1,19653.580858695448,0.0036623431861308783,0.0011140371111675222,crowding,0.002723310191432764,3,-1,0
2000,51363,1,17577.247458248083,0.0018426054760398677,-4.662995316225634e-05,extinct,0.002723310191432764,3,-1,0
2000,51364,1,16095.663808793126,0.002534727223775394,-0.00048458386240604764,extinct,0.002723310191432764,3,-1,0
2000,51365,1,16923.44970478588,0.0020424654576908564,-0.00010694282157646008,extinct,0.002723310191432764,3,-1,0
2000,51366,1,17706.280844710676,0.0021369441597517604,-0.00010694282157646008,extinct,0.002723310191432764,3,-1,0
2000,51367,1,17344.559820682647,0.0019850183277440926,0.000625919582630438,extinct,0.002723310191432764,3,-1,0
2000,51368,4,80000.0,0.01490758640865398,0.0011140371111675222,crowding,0.002723310191432764,3,-1,0
2000,51369,1,15704.749880569041,0.00189538242570401,-0.00010694282157646008,extinct,0.002723310191432764,3,-1,0
2000,51370,2,16545.481602633932,0.002182243998551176,-0.00020339156750946824,extinct,0.002723310191432764,3,-1,0
2000,51371,14,285159.25453846366,0.05313795284074376,0.0011140371111675222,crowding,0.002723310191432764,3,-1,0
2000,51372,1,17656.411390455556,0.0018509041528000842,-4.662995316225634e-05,extinct,0.002723310191432764,3,-1,0
2000,51373,2,15406.91695638806,0.002032074548915025,-0.00020339156750946824,extinct,0.002723310191432764,3,-1,0
2000,51374,1,17176.58310636039,0.001965794037245449,0.000625919582630438,extinct,0.002723310191432764,3,-1,0
2000,51375,1,15233.146895927805,0.001838465377308065,-0.00010694282157646008,extinct,0.002723310191432764,3,-1,0
2000,51376,1,16229.680400957774,0.001857424655476919,0.000625919582630438,extinct,0.002723310191432764,3,-1,0
2000,51377,1,16224.04612345538,0.002375374234316331,-0.0010435040653211576,extinct,0.002723310191432764,3,-1,0
2000,51378,6,120998.16842322962,0.022547383138227038,0.0011140371111675222,crowding,0.002723310191432764,3,-1,0
2000,51379,1,17741.50629283817,0.002141195465619484,-0.00010694282157646008,extinct,0.002723310191432764,3,-1,0
2000,51380,2,40000.0,0.00745379320432699,0.0011140371111675222,crowding,0.002723310191432764,3,-1,0
2000,51381,1,17785.1703349778,0.0026039395502923915,-0.0010435040653211576,extinct,0.002723310191432764,3,-1,0
2000,51382,1,16812.05686871214,0.0019240754078794545,0.000625919582630438,extinct,0.002723310191432764,3,-1,0
2000,51383,1,16236.80314805597,0.0018582398265553422,0.000625919582630438,extinct,0.002723310191432764,3,-1,0
2000,51384,8,160000.0,0.02981517281730796,0.0011140371111675222,crowding,0.002723310191432764,3,-1,0
2000,51385,3,33745.29812349224,0.004450790619330665,-0.00020339156750946824,extinct,0.002723310191432764,3,-1,0
2000,51386,3,36823.089575531994,0.005391294966746065,-0.0010435040653211576,extinct,0.002723310191432764,3,-1,0
2000,51387,1,15325.296756949148,0.0018495868041654914,-0.00010694282157646008,extinct,0.002723310191432764,3,-1,0
2000,51388,1,17828.250415219514,0.002807573034363114,-0.00048458386240604764,extinct,0.002723310191432764,3,-1,0
2000,51389,6,50623.639744854736,0.006676936741475052,-0.00020339156750946824,extinct,0.002723310191432764,3,-1,0
2000,51390,1,17290.644715053677,0.0020867816661348315,-0.00010694282157646008,extinct,0.002723310191432764,3,-1,0
2000,51391,10,77819.06277898171,0.013993880918620819,-0.0004605266609941021,extinct,0.002723310191432764,3,-1,0
2000,51392,1,16868.198020796783,0.001930500547345709,0.000625919582630438,extinct,0.002723310191432764,3,-1,0
2000,51393,2,32578.115349282234,0.0039318032929633795,-0.00010694282157646008,extinct,0.002723310191432764,3,-1,0
2000,51394,1,16239.473649344065,0.001858545455182182,0.000625919582630438,extinct,0.002723310191432764,3,-1,0
2000,51395,1,17855.77690265208,0.0018718034423719809,-4.662995316225634e-05,extinct,0.002723310191432764,3,-1,0
2000,51396,1,17533.761277477537,0.0018380468626955316,-4.662995316225634e-05,extinct,0.002723310191432764,3,-1,0
2000,51397,2,36558.02324555588,0.004821771208751547,-0.00020339156750946824,extinct,0.002723310191432764,3,-1,0
2000,51398,1,18369.934603425474,0.001925702085902118,-4.662995316225634e-05,extinct,0.002723310191432764,3,-1,0
2000,51399,1,17968.27265094977,0.002168563553183707,-0.00010694282157646008,extinct,0.002723310191432764,3,-1,0
2000,51400,1,17799.754572623948,0.0018659306768928836,-4.662995316225634e-05,extinct,0.002723310191432764,3,-1,0
2000,51401,1,17325.778081112312,0.001982868829707851,0.000625919582630438,extinct,0.002723310191432764,3,-1,0
2000,51402,1,18390.562378156068,0.0019278644751366892,-4.662995316225634e-05,extinct,0.002723310191432764,3,-1,0
2000,51403,2,16808.62760704954,0.0024609632287891994,-0.0010435040653211576,extinct,0.002723310191432764,3,-1,0
2000,51404,1,17226.376541210644,0.0022720497188703933,-0.00020339156750946824,extinct,0.002723310191432764,3,-1,0
2000,51405,2,36639.19093312015,0.004832476711517645,-0.00020339156750946824,extinct,0.002723310191432764,3,-1,0
2000,51406,1,17706.09151575078,0.0023353210789520905,-0.00020339156750946824,extinct,0.002723310191432764,3,-1,0
2000,51407,1,16845.277314072086,0.0019278773603981156,0.000625919582630438,extinct,0.002723310191432764,3,-1,0
2000,51408,3,55890.19214144204,0.008801525258346774,-0.00048458386240604764,extinct,0.002723310191432764,3,-1,0
2000,51409,1,17851.570677219366,0.0018713625079176991,-4.662995316225634e-05,extinct,0.002723310191432764,3,-1,0
2000,51410,1,16221.928367766579,0.0021395693806731024,-0.00020339156750946824,extinct,0.002723310191432764,3,-1,0
2000,51411,1,18105.41247180873,0.0018979724923233444,-4.662995316225634e-05,extinct,0.002723310191432764,3,-1,0
2000,51412,1,16956.599405787176,0.001940617746699171,0.000625919582630438,extinct,0.002723310191432764,3,-1,0
2000,51413,5,62129.35365082477,0.009096403248233919,-0.0010435040653211576,extinct,0.002723310191432764,3,-1,0
2000,51414,2,34611.236026268874,0.004177177541506094,-0.00010694282157646008,extinct,0.002723310191432764,3,-1,0
2000,51415,2,16723.1676395243,0.0020182937192316417,-0.00010694282157646008,extinct,0.002723310191432764,3,-1,0
2000,51416,1,14901.958417848804,0.002181806424689357,-0.0010435040653211576,extinct,0.002723310191432764,3,-1,0
2000,51417,1,17803.65753927133,0.0018663398210284686,-4.662995316225634e-05,extinct,0.002723310191432764,3,-1,0
2000,51418,7,54344.219427164724,0.00977249671380705,-0.0004605266609941021,extinct,0.002723310191432764,3,-1,0
2000,51419,1,17549.78743270606,0.0018397268687063751,-4.662995316225634e-05,extinct,0.002723310191432764,3,-1,0
2000,51420,2,39995.68309995257,0.007452988772321057,0.0011140371111675222,crowding,0.002723310191432764,3,-1,0
2000,51421,1,17619.940133951543,0.0018470809070323963,-4.662995316225634e-05,extinct,0.002723310191432764,3,-1,0
2000,51422,3,31815.870124277895,0.005010327819350511,-0.00048458386240604764,extinct,0.002723310191432764,3,-1,0
2000,51423,4,80000.0,0.01490758640865398,0.0011140371111675222,crowding,0.002723310191432764,3,-1,0
2000,51424,3,17052.77132527681,0.002249152292872925,-0.00020339156750946824,extinct,0.002723310191432764,3,-1,0
2000,51425,1,17638.740755269188,0.0018490517575808188,-4.662995316225634e-05,extinct,0.002723310191432764,3,-1,0
2000,51426,2,40000.0,0.00745379320432699,0.0011140371111675222,crowding,0.002723310191432764,3,-1,0
2000,51427,1,17867.268387852277,0.0018730080834062502,-4.662995316225634e-05,extinct,0.002723310191432764,3,-1,0
2000,51428,5,100000.0,0.018634483010817472,0.0011140371111675222,crowding,0.002723310191432764,3,-1,0
2000,51429,1,16560.160644609605,0.0018952468514500883,0.000625919582630438,extinct,0.002723310191432764,3,-1,0
2000,51430,1,16096.852017437206,0.0018422229565892632,0.000625919582630438,extinct,0.002723310191432764,3,-1,0
2000,51431,2,31746.021186078277,0.003831379111396566,-0.00010694282157646008,extinct,0.002723310191432764,3,-1,0
2000,51432,3,59503.30146363084,0.010700233146109626,-0.0004605266609941021,extinct,0.002723310191432764,3,-1,0
2000,51433,1,20231.81522204875,0.0037700941703326576,0.0011140371111675222,crowding,0.002723310191432764,3,-1,0
2000,51434,1,17622.572815962096,0.002126841564817938,-0.00010694282157646008,extinct,0.002723310191432764,3,-1,0
2000,51435,8,160000.0,0.02981517281730796,0.0011140371111675222,crowding,0.002723310191432764,3,-1,0
2000,51436,1,17861.562550080795,0.0018724099460728537,-4.662995316225634e-05,extinct,0.002723310191432764,3,-1,0
2000,51437,8,61763.82897701832,0.009042886518463812,-0.0010435040653211576,extinct,0.002723310191432764,3,-1,0
2000,51438,3,17240.030014630407,0.002714940740307696,-0.00048458386240604764,extinct,0.002723310191432764,3,-1,0
2000,51439,1,17524.370725456396,0.0020055969959371315,0.000625919582630438,extinct,0.002723310191432764,3,-1,0
2000,51440,1,17215.8588633173,0.0020777558752021266,-0.00010694282157646008,extinct,0.002723310191432764,3,-1,0
2000,51441,2,40000.0,0.00745379320432699,0.0011140371111675222,crowding,0.002723310191432764,3,-1,0
2000,51442,1,15835.203389847964,0.0020885628108783384,-0.00020339156750946824,extinct,0.002723310191432764,3,-1,0
2000,51443,1,17750.125860551885,0.0018607281480640663,-4.662995316225634e-05,extinct,0.002723310191432764,3,-1,0
2000,51444,1,16200.183342896073,0.0019551755382808734,-0.00010694282157646008,extinct,0.002723310191432764,3,-1,0
2000,51445,3,42825.21672909846,0.007980257735729614,0.0011140371111675222,crowding,0.002723310191432764,3,-1,0
2000,51446,2,17400.465698457712,0.0022950109736551904,-0.00020339156750946824,extinct,0.002723310191432764,3,-1,0
2000,51447,1,18213.835302422478,0.0019093383504812376,-4.662995316225634e-05,extinct,0.002723310191432764,3,-1,0
2000,51448,1,18894.223042657806,0.002766316753012077,-0.0010435040653211576,extinct,0.002723310191432764,3,-1,0
2000,51449,2,16840.958882855437,0.0020325097656003835,-0.00010694282157646008,extinct,0.002723310191432764,3,-1,0
2000,51450,1,15518.52710299596,0.0020467952187910674,-0.00020339156750946824,extinct,0.002723310191432764,3,-1,0
2000,51451,1,18366.72421096826,0.0019253655436342826,-4.662995316225634e-05,extinct,0.002723310191432764,3,-1,0
2000,51452,1,17862.281426804908,0.001872485305209237,-4.662995316225634e-05,extinct,0.002723310191432764,3,-1,0
2000,51453,1,16702.167575250114,0.0019114989998414219,0.000625919582630438,extinct,0.002723310191432764,3,-1,0
2000,51454,1,16963.334563180637,0.0022373561516652158,-0.00020339156750946824,extinct,0.002723310191432764,3,-1,0
2000,51455,1,15167.534654726453,0.0018305467355067104,-0.00010694282157646008,extinct,0.002723310191432764,3,-1,0
2000,51456,2,40000.0,0.00745379320432699,0.0011140371111675222,crowding,0.002723310191432764,3,-1,0
2000,51457,3,15496.4153118686,0.002268841285088632,-0.0010435040653211576,extinct,0.002723310191432764,3,-1,0
2000,51458,1,20000.0,0.003726896602163495,0.0011140371111675222,crowding,0.002723310191432764,3,-1,0
2000,51459,8,160000.0,0.02981517281730796,0.0011140371111675222,crowding,0.002723310191432764,3,-1,0
2000,51460,1,17620.678143163128,0.0023240555972815088,-0.00020339156750946824,extinct,0.002723310191432764,3,-1,0
2000,51461,1,15363.138109992378,0.0018541538196269562,-0.00010694282157646008,extinct,0.002723310191432764,3,-1,0
2000,51462,1,16360.657277086719,0.0018724144564470533,0.000625919582630438,extinct,0.002723310191432764,3,-1,0
2000,51463,2,31157.128357396203,0.003760306529751179,-0.00010694282157646008,extinct,0.002723310191432764,3,-1,0
2000,51464,1,16429.10550206637,0.0018802480931891135,0.000625919582630438,extinct,0.002723310191432764,3,-1,0
2000,51465,2,32661.538321309512,0.003737987752378929,0.000625919582630438,extinct,0.002723310191432764,3,-1,0
2000,51466,2,40000.0,0.00745379320432699,0.0011140371111675222,crowding,0.002723310191432764,3,-1,0
2000,51467,1,16895.575082736817,0.002039101311865121,-0.00010694282157646008,extinct,0.002723310191432764,3,-1,0
2000,51468,5,34572.48740126383,0.005444436840296182,-0.00048458386240604764,extinct,0.002723310191432764,3,-1,0
2000,51469,1,16958.51379424273,0.001940836841113211,0.000625919582630438,extinct,0.002723310191432764,3,-1,0
2000,51470,8,160000.0,0.02981517281730796,0.0011140371111675222,crowding,0.002723310191432764,3,-1,0
2000,51471,1,16844.81497573849,0.0019278244475496318,0.000625919582630438,extinct,0.002723310191432764,3,-1,0
2000,51472,1,17693.673119821196,0.0018548102630564786,-4.662995316225634e-05,extinct,0.002723310191432764,3,-1,0
2000,51473,2,17164.014907374712,0.002071498906850524,-0.00010694282157646008,extinct,0.002723310191432764,3,-1,0
2000,51474,1,17528.557975356078,0.0018375014056775734,-4.662995316225634e-05,extinct,0.002723310191432764,3,-1,0
2000,51475,2,34133.46429267151,0.003906444032644512,0.000625919582630438,extinct,0.002723310191432764,3,-1,0
2000,51476,1,17198.493048358898,0.0022683720631577497,-0.00020339156750946824,extinct,0.002723310191432764,3,-1,0
2000,51477,1,15527.947525624259,0.0018740444178443596,-0.00010694282157646008,extinct,0.002723310191432764,3,-1,0
2000,51478,4,80009.67775770085,0.014849045613525326,0.00015067415773038946,extinct,0.002723310191432764,3,-1,0
2000,51479,3,36945.375503250936,0.005409198937168282,-0.0010435040653211576,extinct,0.002723310191432764,3,-1,0
2000,51480,1,17838.175394156635,0.0018699582936353935,-4.662995316225634e-05,extinct,0.002723310191432764,3,-1,0
2000,51481,4,80000.0,0.01490758640865398,0.0011140371111675222,crowding,0.002723310191432764,3,-1,0
2000,51482,4,80000.0,0.01490758640865398,0.0011140371111675222,crowding,0.002723310191432764,3,-1,0
2000,51483,2,16088.976328485815,0.0023555985687170296,-0.0010435040653211576,extinct,0.002723310191432764,3,-1,0
2000,51484,1,17422.900327094816,0.0018264254188523246,-4.662995316225634e-05,extinct,0.002723310191432764,3,-1,0
2000,51485,2,32628.673480406433,0.003937905077069334,-0.00010694282157646008,extinct,0.002723310191432764,3,-1,0
2000,51486,2,36076.09257334545,0.005281926599656662,-0.0010435040653211576,extinct,0.002723310191432764,3,-1,0
2000,51487,6,37148.60173367915,0.005850120458412252,-0.00048458386240604764,extinct,0.002723310191432764,3,-1,0
2000,51488,1,18210.75946553185,0.002867810133912713,-0.00048458386240604764,extinct,0.002723310191432764,3,-1,0
2000,51489,1,17047.189635367726,0.0022484161034045003,-0.00020339156750946824,extinct,0.002723310191432764,3,-1,0
2000,51490,1,17246.708662615703,0.0019738196381167985,0.000625919582630438,extinct,0.002723310191432764,3,-1,0
2000,51491,1,19543.829618612814,0.003514486227538463,-0.0004605266609941021,extinct,0.002723310191432764,3,-1,0
2000,51492,2,37885.527179372584,0.00499686055109885,-0.00020339156750946824,extinct,0.002723310191432764,3,-1,0
2000,51493,3,60000.0,0.011180689806490484,0.0011140371111675222,crowding,0.002723310191432764,3,-1,0
2000,51494,2,36497.21116025637,0.00534358287413518,-0.0010435040653211576,extinct,0.002723310191432764,3,-1,0
2000,51495,4,18325.970430065918,0.003295483635479792,-0.0004605266609941021,extinct,0.002723310191432764,3,-1,0
2000,51496,2,32831.434901608074,0.0037574317641728486,0.000625919582630438,extinct,0.002723310191432764,3,-1,0
2000,51497,3,34583.68744430914,0.00544620061061045,-0.00048458386240604764,extinct,0.002723310191432764,3,-1,0
2000,51498,6,92934.75766810379,0.01731791162880719,0.0011140371111675222,crowding,0.002723310191432764,3,-1,0
2000,51499,2,35011.38466235857,0.004006918650746415,0.000625919582630438,extinct,0.002723310191432764,3,-1,0
2000,51500,1,18113.49756505355,0.0018988200446561304,-4.662995316225634e-05,extinct,0.002723310191432764,3,-1,0
2000,51001,1,17843.07053397749,0.001870471446303996,-4.662995316225634e-05,extinct,0.002723310191432764,3,-1,0
2000,51002,3,16067.572323554406,0.00235246479299682,-0.0010435040653211576,extinct,0.002723310191432764,3,-1,0
2000,51003,3,33000.49349589163,0.0043525556167051845,-0.00020339156750946824,extinct,0.002723310191432764,3,-1,0
2000,51004,13,232381.52765719825,0.03659518435849965,-0.00048458386240604764,extinct,0.002723310191432764,3,-1,0
2000,51005,1,17087.554413954316,0.0020622710059548226,-0.00010694282157646008,extinct,0.002723310191432764,3,-1,0
2000,51006,1,18370.137125773406,0.0019257233161196596,-4.662995316225634e-05,extinct,0.002723310191432764,3,-1,0
2000,51007,3,29535.313473520415,0.00432428643838904,-0.0010435040653211576,extinct,0.002723310191432764,3,-1,0
2000,51008,1,16151.792766431689,0.001949335353056799,-0.00010694282157646008,extinct,0.002723310191432764,3,-1,0
2000,51009,1,17453.499580782416,0.0021064363726911294,-0.00010694282157646008,extinct,0.002723310191432764,3,-1,0
2000,51010,6,120120.8561519697,0.02238390053208729,0.0011140371111675222,crowding,0.002723310191432764,3,-1,0
2000,51011,3,54818.037752542456,0.007230151214141379,-0.00020339156750946824,extinct,0.002723310191432764,3,-1,0
2000,51012,1,15788.89750061272,0.0019055380742440064,-0.00010694282157646008,extinct,0.002723310191432764,3,-1,0
2000,51013,1,17635.97133356282,0.0020183692573706256,0.000625919582630438,extinct,0.002723310191432764,3,-1,0
2000,51014,2,16391.33783470041,0.002399867533797996,-0.0010435040653211576,extinct,0.002723310191432764,3,-1,0
2000,51015,2,32357.916305034116,0.004737545744277773,-0.0010435040653211576,extinct,0.002723310191432764,3,-1,0
2000,51016,8,160697.9174495965,0.02994522612588255,0.0011140371111675222,crowding,0.002723310191432764,3,-1,0
2000,51017,3,35966.897004687286,0.006467778661449459,-0.0004605266609941021,extinct,0.002723310191432764,3,-1,0
2000,51018,1,6649.849615814614,0.001239165096903885,0.0011140371111675222,crowding,0.002723310191432764,3,-1,0
2000,51019,2,34854.25180006727,0.0042065067463854565,-0.00010694282157646008,extinct,0.002723310191432764,3,-1,0
2000,51020,8,98474.22743213437,0.01835016318087484,0.0011140371111675222,crowding,0.002723310191432764,3,-1,0
2000,51021,1,16902.761575008088,0.0019344562135194684,0.000625919582630438,extinct,0.002723310191432764,3,-1,0
2000,51022,3,15231.399922681045,0.0020089249662888133,-0.00020339156750946824,extinct,0.002723310191432764,3,-1,0
2000,51023,1,18119.790813208056,0.0018994797596393277,-4.662995316225634e-05,extinct,0.002723310191432764,3,-1,0
2000,51024,1,15660.932417852107,0.001890094162636836,-0.00010694282157646008,extinct,0.002723310191432764,3,-1,0
2000,51025,6,16894.1757444109,0.002660475994734081,-0.00048458386240604764,extinct,0.002723310191432764,3,-1,0
2000,51026,2,17163.184451559333,0.001964260612608434,0.000625919582630438,extinct,0.002723310191432764,3,-1,0
2000,51027,1,17042.55612853277,0.00195045516383785,0.000625919582630438,extinct,0.002723310191432764,3,-1,0
2000,51028,1,16954.244394284677,0.0020461820220248894,-0.00010694282157646008,extinct,0.002723310191432764,3,-1,0
2000,51029,2,15325.566342583888,0.0018496193400465589,-0.00010694282157646008,extinct,0.002723310191432764,3,-1,0
2000,51030,1,17620.46088425648,0.0018471354967721045,-4.662995316225634e-05,extinct,0.002723310191432764,3,-1,0
2000,51031,2,20521.732766624835,0.0036903385150697486,-0.0004605266609941021,extinct,0.002723310191432764,3,-1,0
2000,51032,3,54540.807090030445,0.008589025602178509,-0.00048458386240604764,extinct,0.002723310191432764,3,-1,0
2000,51033,1,17524.78297252446,0.0018371056758623035,-4.662995316225634e-05,extinct,0.002723310191432764,3,-1,0
2000,51034,2,19076.737775726597,0.0025161006202676288,-0.00020339156750946824,extinct,0.002723310191432764,3,-1,0
2000,51035,1,17863.462809162815,0.0018726091483540267,-4.662995316225634e-05,extinct,0.002723310191432764,3,-1,0
2000,51036,3,18606.008295326083,0.002930053479757045,-0.00048458386240604764,extinct,0.002723310191432764,3,-1,0
2000,51037,1,17064.666752898887,0.001952985639967447,0.000625919582630438,extinct,0.002723310191432764,3,-1,0
2000,51038,2,44419.85011850539,0.008277409423763472,0.0011140371111675222,crowding,0.002723310191432764,3,-1,0
2000,51039,1,18302.746348212353,0.0019186588075233314,-4.662995316225634e-05,extinct,0.002723310191432764,3,-1,0
2000,51040,1,17721.990653834855,0.0018577787621554106,-4.662995316225634e-05,extinct,0.002723310191432764,3,-1,0
2000,51041,1,16869.2272932118,0.0019306183436247253,0.000625919582630438,extinct,0.002723310191432764,3,-1,0
2000,51042,1,17997.641240995214,0.001886674940728407,-4.662995316225634e-05,extinct,0.002723310191432764,3,-1,0
2000,51043,1,15985.445826552392,0.0018294729454608858,0.000625919582630438,extinct,0.002723310191432764,3,-1,0
2000,51044,2,36007.164725762785,0.005670368228708637,-0.00048458386240604764,extinct,0.002723310191432764,3,-1,0
2000,51045,1,17854.623573984485,0.0018716825400678155,-4.662995316225634e-05,extinct,0.002723310191432764,3,-1,0
2000,51046,3,60000.0,0.011180689806490484,0.0011140371111675222,crowding,0.002723310191432764,3,-1,0
2000,51047,1,17467.441228902604,0.002108118969041489,-0.00010694282157646008,extinct,0.002723310191432764,3,-1,0
2000,51048,1,18274.34936828506,0.001915681980187805,-4.662995316225634e-05,extinct,0.002723310191432764,3,-1,0
2000,51049,1,18327.477711256728,0.0019212513718644627,-4.662995316225634e-05,extinct,0.002723310191432764,3,-1,0
2000,51050,1,16994.271408720724,0.0019449291629033893,0.000625919582630438,extinct,0.002723310191432764,3,-1,0
2000,51051,1,16860.916522144245,0.0019296672077609538,0.000625919582630438,extinct,0.002723310191432764,3,-1,0
2000,51052,3,16519.00719892446,0.002418559697021751,-0.0010435040653211576,extinct,0.002723310191432764,3,-1,0
2000,51053,2,16775.30664704813,0.0022125564630617166,-0.00020339156750946824,extinct,0.002723310191432764,3,-1,0
2000,51054,1,16345.721267856565,0.002939383600661062,-0.0004605266609941021,extinct,0.002723310191432764,3,-1,0
2000,51055,1,17854.281255123675,0.001871646655120017,-4.662995316225634e-05,extinct,0.002723310191432764,3,-1,0
2000,51056,4,73035.51872637532,0.009632921316495985,-0.00020339156750946824,extinct,0.002723310191432764,3,-1,0
2000,51057,1,18124.68356839759,0.0018999926623293863,-4.662995316225634e-05,extinct,0.002723310191432764,3,-1,0
2000,51058,3,52352.250396767246,0.007664930545357239,-0.0010435040653211576,extinct,0.002723310191432764,3,-1,0
2000,51059,1,19031.539300169465,0.002296887591203673,-0.00010694282157646008,extinct,0.002723310191432764,3,-1,0
2000,51060,1,16775.514568105722,0.0019198932817723867,0.000625919582630438,extinct,0.002723310191432764,3,-1,0
2000,51061,1,17234.024969306618,0.0019723680380795347,0.000625919582630438,extinct,0.002723310191432764,3,-1,0
2000,51062,2,17062.5354453825,0.001952741719999121,0.000625919582630438,extinct,0.002723310191432764,3,-1,0
2000,51063,1,18428.921548114606,0.0022241585693887358,-0.00010694282157646008,extinct,0.002723310191432764,3,-1,0
2000,51064,6,42841.25004579513,0.007703965199997756,-0.0004605266609941021,extinct,0.002723310191432764,3,-1,0
2000,51065,1,19818.05801285575,0.0031209257203858136,-0.00048458386240604764,extinct,0.002723310191432764,3,-1,0
2000,51066,1,18046.767706856164,0.0018918248195833806,-4.662995316225634e-05,extinct,0.002723310191432764,3,-1,0
2000,51067,1,18336.516405627423,0.0019221988892606451,-4.662995316225634e-05,extinct,0.002723310191432764,3,-1,0
2000,51068,1,16429.261105776863,0.0019828225857783347,-0.00010694282157646008,extinct,0.002723310191432764,3,-1,0
2000,51069,1,17809.796981003856,0.0018669834126364862,-4.662995316225634e-05,extinct,0.002723310191432764,3,-1,0
2000,51070,1,15868.263905372592,0.002092923283019635,-0.00020339156750946824,extinct,0.002723310191432764,3,-1,0
2000,51071,1,16317.803132877478,0.0018675099640555143,0.000625919582630438,extinct,0.002723310191432764,3,-1,0
2000,51072,1,17416.228103650083,0.0025499224534733652,-0.0010435040653211576,extinct,0.002723310191432764,3,-1,0
2000,51073,1,17042.838231537135,0.0026838871977605244,-0.00048458386240604764,extinct,0.002723310191432764,3,-1,0
2000,51074,1,16521.763813029458,0.0018908524813881277,0.000625919582630438,extinct,0.002723310191432764,3,-1,0
2000,51075,1,16769.665198759172,0.0020239054390795933,-0.00010694282157646008,extinct,0.002723310191432764,3,-1,0
2000,51076,1,17800.959346685402,0.0018660569721668336,-4.662995316225634e-05,extinct,0.002723310191432764,3,-1,0
2000,51077,1,17092.304711942696,0.001956148698344863,0.000625919582630438,extinct,0.002723310191432764,3,-1,0
2000,51078,3,56466.477386473896,0.008267297471037343,-0.0010435040653211576,extinct,0.002723310191432764,3,-1,0
2000,51079,1,18033.047059480778,0.0018903864976818,-4.662995316225634e-05,extinct,0.002723310191432764,3,-1,0
2000,51080,1,15506.471849895306,0.0018714525511373875,-0.00010694282157646008,extinct,0.002723310191432764,3,-1,0
2000,51081,2,32739.94053522045,0.0037469605849649334,0.000625919582630438,extinct,0.002723310191432764,3,-1,0
2000,51082,1,16548.37193316987,0.0018938976786541056,0.000625919582630438,extinct,0.002723310191432764,3,-1,0
2000,51083,3,60000.0,0.011180689806490484,0.0011140371111675222,crowding,0.002723310191432764,3,-1,0
2000,51084,13,261926.84863241846,0.048808714109177614,0.0011140371111675222,crowding,0.002723310191432764,3,-1,0
2000,51085,5,100000.0,0.018634483010817472,0.0011140371111675222,crowding,0.002723310191432764,3,-1,0
2000,51086,1,17835.98167769256,0.0018697283285069408,-4.662995316225634e-05,extinct,0.002723310191432764,3,-1,0
2000,51087,4,65530.4899331173,0.010319668625910891,-0.00048458386240604764,extinct,0.002723310191432764,3,-1,0
2000,51088,1,18873.98018636731,0.002489358181264247,-0.00020339156750946824,extinct,0.002723310191432764,3,-1,0
2000,51089,1,16500.46817857855,0.001888415277727555,0.000625919582630438,extinct,0.002723310191432764,3,-1,0
2000,51090,1,17970.91147647907,0.0023702491507891694,-0.00020339156750946824,extinct,0.002723310191432764,3,-1,0
2000,51091,1,17918.169243711036,0.0023632927850760124,-0.00020339156750946824,extinct,0.002723310191432764,3,-1,0
2000,51092,2,16389.524681452167,0.0019780268570403345,-0.00010694282157646008,extinct,0.002723310191432764,3,-1,0
2000,51093,2,20076.82286114903,0.0026480054948501987,-0.00020339156750946824,extinct,0.002723310191432764,3,-1,0
2000,51094,2,18266.52415168518,0.002409238586204666,-0.00020339156750946824,extinct,0.002723310191432764,3,-1,0
2000,51095,1,16418.984182178174,0.001879089746959129,0.000625919582630438,extinct,0.002723310191432764,3,-1,0
2000,51096,1,19900.373333000953,0.002624732922126354,-0.00020339156750946824,extinct,0.002723310191432764,3,-1,0
2000,51097,3,29666.432406865162,0.003912814122497318,-0.00020339156750946824,extinct,0.002723310191432764,3,-1,0
2000,51098,2,39531.87770985075,0.006225436106796498,-0.00048458386240604764,extinct,0.002723310191432764,3,-1,0
2000,51099,1,16872.192172869487,0.0020362792639648745,-0.00010694282157646008,extinct,0.002723310191432764,3,-1,0
2000,51100,1,18118.410895412606,0.0018993351042208716,-4.662995316225634e-05,extinct,0.002723310191432764,3,-1,0
2000,51101,1,16875.762265103414,0.0019313662460858,0.000625919582630438,extinct,0.002723310191432764,3,-1,0
2000,51102,1,17564.369404278437,0.002119817083405616,-0.00010694282157646008,extinct,0.002723310191432764,3,-1,0
2000,51103,5,66757.53895586169,0.010512902940432176,-0.00048458386240604764,extinct,0.002723310191432764,3,-1,0
2000,51104,1,16823.753616453203,0.00192541405578295,0.000625919582630438,extinct,0.002723310191432764,3,-1,0
2000,51105,1,13902.03869005564,0.002035407459862042,-0.0010435040653211576,extinct,0.002723310191432764,3,-1,0
2000,51106,1,18003.858160695956,0.0018873266542752461,-4.662995316225634e-05,extinct,0.002723310191432764,3,-1,0
2000,51107,3,55272.53339544586,0.008704257046418529,-0.00048458386240604764,extinct,0.002723310191432764,3,-1,0
2000,51108,1,17522.654287691676,0.0018368825279354755,-4.662995316225634e-05,extinct,0.002723310191432764,3,-1,0
2000,51109,1,17746.47307137907,0.0018603452297858414,-4.662995316225634e-05,extinct,0.002723310191432764,3,-1,0
2000,51110,2,33131.47903214766,0.003998587915927905,-0.00010694282157646008,extinct,0.002723310191432764,3,-1,0
2000,51111,3,38190.54374096077,0.006014204326143703,-0.00048458386240604764,extinct,0.002723310191432764,3,-1,0
2000,51112,1,18133.37543869602,0.0019009038225009068,-4.662995316225634e-05,extinct,0.002723310191432764,3,-1,0
2000,51113,1,18069.30342924907,0.002383226424802389,-0.00020339156750946824,extinct,0.002723310191432764,3,-1,0
2000,51114,1,17469.58014956916,0.0023041267310428206,-0.00020339156750946824,extinct,0.002723310191432764,3,-1,0
2000,51115,1,17595.409102918937,0.0018445093432980317,-4.662995316225634e-05,extinct,0.002723310191432764,3,-1,0
2000,51116,2,18522.239682983745,0.0024429658415916467,-0.00020339156750946824,extinct,0.002723310191432764,3,-1,0
2000,51117,2,20296.595522077045,0.0029716391139803966,-0.0010435040653211576,extinct,0.002723310191432764,3,-1,0
2000,51118,9,65994.7216400916,0.01229777519205915,0.0011140371111675222,crowding,0.002723310191432764,3,-1,0
2000,51119,7,98214.67563008745,0.017661539809749924,-0.0004605266609941021,extinct,0.002723310191432764,3,-1,0
2000,51120,1,17173.012314211926,0.0019653853737836746,0.000625919582630438,extinct,0.002723310191432764,3,-1,0
2000,51121,4,80000.0,0.01490758640865398,0.0011140371111675222,crowding,0.002723310191432764,3,-1,0
2000,51122,1,15420.77089462144,0.0018611094329261826,-0.00010694282157646008,extinct,0.002723310191432764,3,-1,0
2000,51123,1,18239.321352090366,0.0019120100278751083,-4.662995316225634e-05,extinct,0.002723310191432764,3,-1,0
2000,51124,1,16192.284686862884,0.001853144859470282,0.000625919582630438,extinct,0.002723310191432764,3,-1,0
2000,51125,1,15509.75063958768,0.0020456376589773856,-0.00020339156750946824,extinct,0.002723310191432764,3,-1,0
2000,51126,2,17616.762790917765,0.0027742681986522456,-0.00048458386240604764,extinct,0.002723310191432764,3,-1,0
2000,51127,1,17973.319969276483,0.0026314866732547086,-0.0010435040653211576,extinct,0.002723310191432764,3,-1,0
2000,51128,1,20150.876354242428,0.0036236489368679918,-0.0004605266609941021,extinct,0.002723310191432764,3,-1,0
2000,51129,1,17924.908646828433,0.0018790504547776554,-4.662995316225634e-05,extinct,0.002723310191432764,3,-1,0
2000,51130,1,17428.125471198277,0.002298659122105265,-0.00020339156750946824,extinct,0.002723310191432764,3,-1,0
2000,51131,1,18247.3196985373,0.002202241317806777,-0.00010694282157646008,extinct,0.002723310191432764,3,-1,0
2000,51132,1,17447.180014569032,0.001828970634489915,-4.662995316225634e-05,extinct,0.002723310191432764,3,-1,0
2000,51133,3,56739.43073531562,0.010203217678879514,-0.0004605266609941021,extinct,0.002723310191432764,3,-1,0
2000,51134,3,60000.0,0.011180689806490484,0.0011140371111675222,crowding,0.002723310191432764,3,-1,0
2000,51135,1,17522.994239575568,0.0018369181647554234,-4.662995316225634e-05,extinct,0.002723310191432764,3,-1,0
2000,51136,1,18326.958651248457,0.0019211969593168835,-4.662995316225634e-05,extinct,0.002723310191432764,3,-1,0
2000,51137,8,46798.50424197766,0.006851802585806609,-0.0010435040653211576,extinct,0.002723310191432764,3,-1,0
2000,51138,1,16152.02333753077,0.0018485371025049738,0.000625919582630438,extinct,0.002723310191432764,3,-1,0
2000,51139,1,16554.944559381696,0.001894649890507665,0.000625919582630438,extinct,0.002723310191432764,3,-1,0
2000,51140,3,54239.80441383768,0.007153885907185924,-0.00020339156750946824,extinct,0.002723310191432764,3,-1,0
2000,51141,1,16920.018846128467,0.002477272100030272,-0.0010435040653211576,extinct,0.002723310191432764,3,-1,0
2000,51142,1,16193.55581760082,0.001954375672312548,-0.00010694282157646008,extinct,0.002723310191432764,3,-1,0
2000,51143,2,35744.16382849472,0.0043139088783475145,-0.00010694282157646008,extinct,0.002723310191432764,3,-1,0
2000,51144,1,17750.327049880758,0.0018607492385425376,-4.662995316225634e-05,extinct,0.002723310191432764,3,-1,0
2000,51145,2,33420.112597569416,0.003824803667968527,0.000625919582630438,extinct,0.002723310191432764,3,-1,0
2000,51146,1,18677.399951562114,0.0027345715286657946,-0.0010435040653211576,extinct,0.002723310191432764,3,-1,0
2000,51147,1,17171.83518026785,0.00196525065531994,0.000625919582630438,extinct,0.002723310191432764,3,-1,0
2000,51148,1,15648.153008245576,0.00206389205287432,-0.00020339156750946824,extinct,0.002723310191432764,3,-1,0
2000,51149,2,17154.259800972603,0.002070321577865597,-0.00010694282157646008,extinct,0.002723310191432764,3,-1,0
2000,51150,2,32972.08875889677,0.003773529058510236,0.000625919582630438,extinct,0.002723310191432764,3,-1,0
2000,51151,1,20000.0,0.003726896602163495,0.0011140371111675222,crowding,0.002723310191432764,3,-1,0
2000,51152,6,122157.17617161004,0.022763358240193043,0.0011140371111675222,crowding,0.002723310191432764,3,-1,0
2000,51153,1,18036.678990708882,0.0018907672294422992,-4.662995316225634e-05,extinct,0.002723310191432764,3,-1,0
2000,51154,1,18346.636156419263,0.001923259732732838,-4.662995316225634e-05,extinct,0.002723310191432764,3,-1,0
2000,51155,15,90743.25355112716,0.016909536166447813,0.0011140371111675222,crowding,0.002723310191432764,3,-1,0
2000,51156,2,15915.617351853121,0.0025063737081098382,-0.00048458386240604764,extinct,0.002723310191432764,3,-1,0
2000,51157,1,17709.836799154353,0.0018565046855832691,-4.662995316225634e-05,extinct,0.002723310191432764,3,-1,0
2000,51158,1,16254.827451353489,0.002143908560966527,-0.00020339156750946824,extinct,0.002723310191432764,3,-1,0
2000,51159,2,35078.289760509244,0.005524090032923676,-0.00048458386240604764,extinct,0.002723310191432764,3,-1,0
2000,51160,1,16355.60880507013,0.0018718366781936046,0.000625919582630438,extinct,0.002723310191432764,3,-1,0
2000,51161,1,15058.298370416016,0.001986093970332182,-0.00020339156750946824,extinct,0.002723310191432764,3,-1,0
2000,51162,1,16054.007459876932,0.0018373195613529186,0.000625919582630438,extinct,0.002723310191432764,3,-1,0
2000,51163,3,56529.22421077463,0.01016541710704407,-0.0004605266609941021,extinct,0.002723310191432764,3,-1,0
2000,51164,1,16148.523229874016,0.0018481365286120897,0.000625919582630438,extinct,0.002723310191432764,3,-1,0
2000,51165,1,18373.07628659744,0.0019260314254434994,-4.662995316225634e-05,extinct,0.002723310191432764,3,-1,0
2000,51166,7,140000.0,0.026088276215144462,0.0011140371111675222,crowding,0.002723310191432764,3,-1,0
2000,51167,1,18119.302180036324,0.0018994285367069461,-4.662995316225634e-05,extinct,0.002723310191432764,3,-1,0
2000,51168,1,18376.208049671506,0.001926359725070824,-4.662995316225634e-05,extinct,0.002723310191432764,3,-1,0
2000,51169,1,20000.0,0.003726896602163495,0.0011140371111675222,crowding,0.002723310191432764,3,-1,0
2000,51170,2,31422.791021970545,0.003792368953503811,-0.00010694282157646008,extinct,0.002723310191432764,3,-1,0
2000,51171,7,140000.0,0.026088276215144462,0.0011140371111675222,crowding,0.002723310191432764,3,-1,0
2000,51172,1,15745.027075494443,0.001900243419225003,-0.00010694282157646008,extinct,0.002723310191432764,3,-1,0
2000,51173,1,18246.74001900922,0.0024066291846873496,-0.00020339156750946824,extinct,0.002723310191432764,3,-1,0
2000,51174,2,34265.929986821,0.004519458657317715,-0.00020339156750946824,extinct,0.002723310191432764,3,-1,0
2000,51175,2,28857.866935026468,0.0038061694692480114,-0.00020339156750946824,extinct,0.002723310191432764,3,-1,0
2000,51176,3,56072.440356282415,0.008830225504396147,-0.00048458386240604764,extinct,0.002723310191432764,3,-1,0
2000,51177,2,18134.781561400476,0.002855845218125768,-0.00048458386240604764,extinct,0.002723310191432764,3,-1,0
2000,51178,1,17541.07491632146,0.0018388135442260502,-4.662995316225634e-05,extinct,0.002723310191432764,3,-1,0
2000,51179,3,15696.719277339027,0.0018944132243893935,-0.00010694282157646008,extinct,0.002723310191432764,3,-1,0
2000,51180,2,17409.01795834474,0.002296138962447583,-0.00020339156750946824,extinct,0.002723310191432764,3,-1,0
2000,51181,3,57899.09059942219,0.008477047399500549,-0.0010435040653211576,extinct,0.002723310191432764,3,-1,0
2000,51182,1,17847.40905457613,0.0018709262491297485,-4.662995316225634e-05,extinct,0.002723310191432764,3,-1,0
2000,51183,2,16522.59947201317,0.001994087451526188,-0.00010694282157646008,extinct,0.002723310191432764,3,-1,0
2000,51184,1,17742.105195305918,0.0018598873496547131,-4.662995316225634e-05,extinct,0.002723310191432764,3,-1,0
2000,51185,1,18423.835780287514,0.0024299869914590115,-0.00020339156750946824,extinct,0.002723310191432764,3,-1,0
2000,51186,1,18791.544354964277,0.003379205873080452,-0.0004605266609941021,extinct,0.002723310191432764,3,-1,0
2000,51187,3,34397.35181209496,0.004151364180340608,-0.00010694282157646008,extinct,0.002723310191432764,3,-1,0
2000,51188,1,17782.422564555614,0.0018641137796196706,-4.662995316225634e-05,extinct,0.002723310191432764,3,-1,0
2000,51189,1,18129.049924415845,0.0019004503831146619,-4.662995316225634e-05,extinct,0.002723310191432764,3,-1,0
2000,51190,1,18103.69540946531,0.0026505750350021805,-0.0010435040653211576,extinct,0.002723310191432764,3,-1,0
2000,51191,1,16424.07309800348,0.0018796721538513195,0.000625919582630438,extinct,0.002723310191432764,3,-1,0
2000,51192,1,16566.363014126793,0.0018959566888454645,0.000625919582630438,extinct,0.002723310191432764,3,-1,0
2000,51193,1,17377.95580782817,0.0019888403703466335,0.000625919582630438,extinct,0.002723310191432764,3,-1,0
2000,51194,1,17155.450298696014,0.0020704652572288438,-0.00010694282157646008,extinct,0.002723310191432764,3,-1,0
2000,51195,1,17855.082725322558,0.0018717306724487172,-4.662995316225634e-05,extinct,0.002723310191432764,3,-1,0
2000,51196,1,16743.00289302511,0.0019161724452929439,0.000625919582630438,extinct,0.002723310191432764,3,-1,0
2000,51197,3,47921.965569173626,0.007546697805569996,-0.00048458386240604764,extinct,0.002723310191432764,3,-1,0
2000,51198,4,71765.15765403518,0.009465368754854868,-0.00020339156750946824,extinct,0.002723310191432764,3,-1,0
2000,51199,1,17801.692695866517,0.0018661338484365784,-4.662995316225634e-05,extinct,0.002723310191432764,3,-1,0
